11111111 1111111141. C3J 1111111111,<9·111111111111111
,4411141114 1111111111 1111111 pharmacorum 33333333
1411411111 0st333t332, 1111 1111114111 193.

111111· 441111111114111 41 14441141111111114144 44
1114114414111 1111111111111111111111
14411111111911414411111111 11111111141111111111111
’ 111 3533 omnbus 11111111 labe 111111114βὶ 1111441116
1111141111 119 11141111111111141111111

11411141111111111111114111411 11111 s. 2:
414114111111114111141 44 1111 11114 1141114 1111114111
11414111 11111111 1111144414 1111111
111111 &3333 44111 11141
β11111114141114411411111
111111 91,

·· 1502232
1 ,141111111111141111 11114141141444111111
Τ11111111111111111111111111111 4111111111 11111111414119·
111611114111111111111 111111 11111 411 1141111111 14βί411
’1141111 111. 43 , 11111 33333154 .
333333 11111111 1111111111 -;·..- ,
Τ11111111111 Ange 1111111. 1111 ,111 ,-
11111111 11111111, feb 11111111 ,
1111 1114111111 1414111111) f 1111111 1114111111 11111111 1441
Τα111111111114111101·11111 ⁷ ,,
1111111196 a* 4 ἓ 111114111411111111111111111
= 1411111 paens 1141111141 11111, 44441111 4441144414
193 ‘ '5
33³ 11111 4111111114 111111 1141· 1111411111 11141411 3333
¹ 3334 1411111113 ἱ
’” 11111 333-

 

